# -*- coding: utf-8 -*-
"""Untitled22.ipynb

Automatically generated by Colab.

Original file is located at
    https://colab.research.google.com/drive/1VMSiKj1ATolWy3tIIey0ddnh14N6DTQ0
"""

import matplotlib.pyplot as plt
import seaborn as sns
import numpy as np

# List of matrices from P^1 to P^14 (each matrix is 4x4)
matrices = {
    "P1": [
        [0.0, 0.333333, 0.0, 0.666667],
        [0.0, 0.0, 0.0, 1.0],
        [0.375, 0.0, 0.375, 0.25],
        [0.181822, 0.0, 0.045455, 0.772733]
    ],
    "P2": [
        [0.121212, 0.0, 0.030303, 0.848485],
        [0.181822, 0.0, 0.045455, 0.772733],
        [0.186080, 0.1250, 0.151989, 0.536931],
        [0.157541, 0.060606, 0.052170, 0.729683]
    ],
    "P3": [
        [0.165634, 0.040404, 0.049931, 0.744031],
        [0.157541, 0.060606, 0.052170, 0.729683],
        [0.154620, 0.060226, 0.081402, 0.701952],
        [0.152233, 0.052514, 0.052371, 0.742522]
    ],
    "P4": [
        [0.153003, 0.052511, 0.052544, 0.741942],
        [0.152233, 0.052514, 0.052371, 0.742522],
        [0.158153, 0.051540, 0.064233, 0.727874],
        [0.154131, 0.050704, 0.053530, 0.741634]
    ],
    "P5": [
        [0.153930, 0.051334, 0.053260, 0.741476],
        [0.154782, 0.050704, 0.053503, 0.740952],
        [0.155752, 0.050717, 0.055114, 0.738417],
        [0.154791, 0.051593, 0.053751, 0.739865]
    ],
    "P6": [
        [0.154790, 0.051310, 0.053683, 0.740237],
        [0.154791, 0.051592, 0.053752, 0.739865],
        [0.154830, 0.051921, 0.054515, 0.738664],
        [0.154683, 0.051510, 0.053787, 0.739940]
    ],
    "P7": [
        [0.154720, 0.051595, 0.053775, 0.739910],
        [0.154683, 0.051510, 0.053787, 0.739940],
        [0.154780, 0.051601, 0.054049, 0.739570],
        [0.154704, 0.051560, 0.053803, 0.739933]
    ],
    "P8": [
        [0.154700, 0.051572, 0.053798, 0.739940],
        [0.154704, 0.051560, 0.053803, 0.739933],
        [0.154735, 0.051600, 0.053885, 0.739790],
        [0.154710, 0.051568, 0.053810, 0.739912]
    ],
    "P9": [
        [0.154710, 0.051570, 0.053808, 0.739922],
        [0.154710, 0.051568, 0.053810, 0.739912],
        [0.154713, 0.051580, 0.053833, 0.739874],
        [0.154708, 0.051570, 0.053811, 0.739911]
    ],
    "P10": [
        [0.154708, 0.051570, 0.053811, 0.739911],
        [0.154708, 0.051570, 0.053811, 0.739911],
        [0.154702, 0.051570, 0.053818, 0.739910],
        [0.154708, 0.051570, 0.053811, 0.739911]
    ],
    "P11": [
        [0.154708, 0.051570, 0.053811, 0.739911],
        [0.154708, 0.051570, 0.053811, 0.739911],
        [0.154708, 0.051570, 0.053813, 0.739910],
        [0.154708, 0.051570, 0.053812, 0.739910]
    ],
    "P12": [
        [0.154708, 0.051570, 0.053811, 0.739911],
        [0.154708, 0.051570, 0.053811, 0.739911],
        [0.154708, 0.051570, 0.053812, 0.739910],
        [0.154708, 0.051570, 0.053812, 0.739910]
    ],
    "P13": [
        [0.154708, 0.051570, 0.053812, 0.739910],
        [0.154708, 0.051570, 0.053812, 0.739910],
        [0.154708, 0.051570, 0.053812, 0.739910],
        [0.154708, 0.051570, 0.053812, 0.739910]
    ],
    "P14": [
        [0.154708, 0.051570, 0.053812, 0.739910],
        [0.154708, 0.051570, 0.053812, 0.739910],
        [0.154708, 0.051570, 0.053812, 0.739910],
        [0.154708, 0.051570, 0.053812, 0.739910]
    ],
}

# Membuat heatmap untuk setiap matriks
for key, matrix in matrices.items():
    plt.figure(figsize=(6, 4))
    sns.heatmap(matrix, annot=True, fmt=".6f", cmap="YlGnBu", cbar=True,
                xticklabels=["S0", "S1", "S2", "S3"],
                yticklabels=["S0", "S1", "S2", "S3"])
    plt.title(f"Heatmap Matriks Transisi {key}")
    plt.tight_layout()
    plt.show()